 -0.81757
-3.18549
-0.93888
-1.10566
-0.74417
 0.83211
 0.95898
-3.82893
 0.05884
-2.11223
 0.00804
-0.06181
-0.88505
-1.68853
-3.73475
 1.16511
-3.01525
-2.00446
-1.93802
 0.79767
 0.01515
-2.49651
-0.33106
-0.38892
 0.25774
-2.40482
-1.34424
-1.69192
-1.49871
-0.14547
-4.03268
-1.20031
-0.99212
-2.29591
 0.35848
-0.74432
-0.39156
-1.19395
-0.12792
-3.77458
-0.62813
-0.94429
-0.59404
 1.59392
-2.36858
-4.63998
-3.53405
-1.64243
-0.15548
-4.74931
-2.69746
-2.78554
 1.21249
-0.98979
-0.84804
-2.94736
-2.86313
-4.18245
-0.39644
-3.10102
 1.76041
-1.82171
 1.42924
 0.76750
-1.06590
 0.67540
-1.62733
-0.92236
-1.10781
-2.37281
-2.83196
-0.79851
-1.64671
-0.84108
-2.61219
 1.62696
-1.05757
-2.07828
-0.39829
-0.61791
 0.17079
-1.43243
 2.29690
 0.19996
-0.28955
-1.47858
-2.90111
-1.52993
-2.47303
 2.14467
-1.40751
-1.03038
-1.40544
 0.30134
-2.74997
-3.65318
-1.76864
-3.16673
-1.70506
-1.71527
-1.19377
-2.17021
-0.34362
-1.15872
-2.79879
 0.94919
-1.45208
-2.17884
-1.85393
-0.54819
-1.02237
-1.40811
-1.10321
-0.71118
-0.48880
-1.57347
-0.76593
 0.09938
-2.88155
-0.21327
 0.37401
-0.98777
-2.49657
 0.76192
 0.05056
-1.93609
-1.43796
-3.37511
-0.61916
-1.34572
-1.18472
 1.09459
-1.16728
-0.41239
-1.99689
-2.80380
 0.36713
-1.94433
-1.96388
-2.70253
-2.83392
-0.88916
-0.58232
-2.40680
-2.73899
-0.26427
 0.46132
 1.95106
 0.62580
-1.31330
-1.20899
-2.36822
-0.81530
-2.91156
-1.73006
-4.25350
 0.07450
-1.49819
-0.63179
 1.46829
 0.27816
 0.35032
-0.87743
 0.62191
-2.18664
-3.97692
-1.70458
-1.47964
-1.43250
-1.22629
-3.00082
 1.14236
-0.23526
-0.32423
-0.45330
-2.95719
-4.22467
-0.73918
-2.19867
-0.41281
-2.69049
-0.05401
 0.48820
-2.82004
 0.86613
-1.77766
-1.10284
-1.31662
-0.93701
-2.96951
-0.27944
-1.07735
-0.00770
-1.12637
-1.50263
 0.43282
-1.66983
-1.07919
-0.57820
-0.58605
-3.53180
 1.26850
-1.38670
-0.19265
 0.83164
-2.83872
-0.50828
-1.25837
-1.81600
-1.84426
 1.76610
-0.94692
-3.05548
-1.36399
-1.89543
 0.72505
-1.70223
 1.04816
-1.12177
-1.72963
-3.50026
-3.54173
-2.83972
-4.37074
-0.43353
-1.73175
-2.30448
-0.17089
 1.86227
-2.49996
-0.12532
-0.61473
-1.71371
-1.61426
-0.65249
-2.37125
-0.26946
 2.09513
-2.00007
-1.12776
 0.58000
-3.18938
-2.30736
 0.87759
-2.94663
 2.76705
 0.55317
-1.36485
 0.53289
-0.80275
-2.63449
 0.62190
-3.41021
-1.86391
-0.54600
-0.69003
-2.69705
 1.45108
-0.65016
-1.81368
-3.25419
-2.24400
-1.22862
-1.94825
-1.94823
-0.77277
-1.18530
-1.06720
-0.54277
-0.52987
-0.41407
-2.10894
 0.03962
-2.12043
 0.79073
 0.87673
-1.33890
 2.34874
-2.24230
 2.44413
-1.38377
-0.60460
-1.83693
-1.81300
-2.10107
-0.59327
-1.42225
 1.30227
 1.46179
-0.72487
 1.16722
-1.33664
-0.33109
-1.64765
 0.53566
-0.46390
-2.08849
 0.49623
-0.79891
-0.05188
 1.17813
-1.00150
 1.33627
-1.37210
-2.03201
-2.19509
 0.26530
-0.34146
 0.12811
-3.50332
-0.37634
-0.70984
-0.69843
-0.86516
 1.42851
 1.15038
 1.58903
-1.59155
-1.24364
-0.67129
 0.33438
-1.01737
 0.43152
 0.95435
-2.20338
-0.48873
 3.39218
-2.32159
-0.75380
 0.61602
-2.13884
-1.17387
-2.49560
-2.95582
-0.59326
-2.12584
-2.34731
-1.62074
 0.36874
-1.98789
 0.48589
 1.35927
-3.11920
-0.69689
-1.90041
-1.27358
-3.79506
-1.72670
-1.90004
 0.50004
-2.03717
-0.03644
-0.36939
-2.68363
-1.86581
-0.30309
-0.58670
-0.56296
 1.37188
-2.40846
 2.52054
-2.25397
 0.90222
-3.89221
-1.94250
 0.91759
-0.89129
-1.65219
-0.41528
-2.65789
-0.21957
-0.15959
-0.49540
-1.68565
-0.36642
-0.80337
 1.16541
-4.16481
 0.02419
-1.05313
-2.76340
-1.03900
 0.16017
-2.80805
 0.01272
-1.22045
-0.57280
-1.45419
-1.30189
-0.77189
-1.10909
-1.34785
-1.58811
-1.25084
-0.15611
-2.39595
 0.15991
 0.44678
-4.43174
 1.11774
 0.63159
-2.45112
-1.18872
-1.32270
-0.73584
-3.64777
-2.45786
-1.00539
 1.34933
-2.73855
-1.75588
 0.03177
-1.05919
 0.43512
-3.58457
-3.07437
-2.16687
 1.83072
-2.31356
-2.33338
-1.43732
-1.04224
-0.93723
-1.53217
-1.71399
 1.30452
-0.99412
 1.60817
 2.09650
 1.36548
-2.27472
-0.86575
-1.58728
-2.85051
-0.07151
 1.14797
-1.03247
-0.85191
-1.86200
-0.73554
-2.95265
 0.17277
-0.65796
-2.13575
-1.57232
-1.61452
-1.30792
 0.20004
 1.76132
-2.10982
-1.52107
 1.44153
-2.54419
 0.72168
 0.73545
 0.87721
-0.99174
-1.19224
 0.23809
-0.34035
-1.91675
-1.56018
-0.18930
-1.09621
-1.98005
-3.10927
 0.76747
-1.38503
-2.82972
-1.08422
 0.96472
-2.51413
-2.27737
-1.12733
-0.18161
-3.59438
-1.76743
-1.95114
-1.79881
-3.44154
 1.08359
-3.10249
 4.16521
-2.49377
-1.56176
-0.56923
-1.91596
-1.40227
-1.51085
-3.20147
-0.54171
-3.18868
-0.07189
-0.42234
-2.44887
-2.55230
 0.00855
-0.21661
-0.38339
 0.77025
 2.18998
 2.24230
 1.04418
 2.70295
 1.71022
 2.67372
 1.58647
 2.83343
 2.79391
 2.97329
 2.39826
 2.12316
 1.94144
 2.08123
 1.34437
 2.04435
 2.37475
 1.50332
 2.96207
 2.06291
 1.56564
 1.76461
 1.16045
 2.83588
 2.18757
 1.48552
 3.45923
 1.05927
 2.24483
 2.19044
 2.88645
 0.68693
 2.79803
 2.16831
 1.66686
 2.91873
 1.46084
 3.05669
 1.57407
 1.25822
 2.48546
 1.32685
 2.84236
 1.28550
 1.60631
 3.10961
 2.45370
 0.78875
 2.13952
 1.82920
 3.05146
 3.94730
 1.85112
 1.98268
 3.39308
 2.22515
 1.21455
 1.84994
 1.31545
 2.28759
 1.32957
 0.68070
 1.87705
 0.91692
 0.22957
 2.17991
 1.27573
 1.99469
 3.33549
 1.75957
 1.65870
 2.54818
 2.49576
 0.84590
 1.32334
 1.44134
 2.72888
 2.56037
 3.30576
 1.67382
 2.35717
 1.21277
 1.93064
 1.41451
 2.61867
 2.31579
 2.82511
 2.58075
 2.01340
 1.62537
 1.15048
 3.39646
 1.90987
 3.05608
 1.72853
 2.19378
 2.88216
 1.72460
 1.09278
 2.15251
 2.03399
 0.97457
 2.03318
 1.60836
 0.91024
 0.96589
 2.05573
 2.16951
 1.43587
 2.25038
 2.90928
 2.12569
 1.51325
 2.31883
 1.85607
 2.65638
 1.87286
 1.80558
 4.42592
 1.59378
 1.37393
 1.56663
 2.27612
 2.03332
 1.97116
 2.66777
 2.67280
 2.06297
 2.57258
 0.92359
 2.35484
 2.26707
 3.00344
 1.96481
 0.85326
 0.68255
 1.11661
 2.09830
 1.60944
 0.43978
 2.40647
 0.87349
 2.74540
 1.74116
 0.86170
 1.75616
 0.61221
 3.05972
 3.12068
 3.00523
 2.73994
 1.83628
 1.94757
 2.84311
 1.47370
 1.53265
 2.49108
 2.45955
 1.79272
 2.06120
 0.93669
 2.62204
 3.27953
 1.64924
 1.13158
 2.45646
 2.56925
 3.07176
 2.52042
 2.21871
 2.81805
 1.36202
 1.49680
 2.46797
 2.11001
 1.96364
 1.93551
 1.71182
 1.87545
 2.82035
 0.89956
 0.05961
 2.31471
 2.44550
 2.57624
 2.45741
 1.85259
 2.04052
 2.09319
 2.31473
 2.06027
 2.56691
 1.62852
 1.82541
 1.36297
 1.82341
 2.72328
 2.38684
 1.76687
 2.31326
 0.43725
 1.12435
 1.50951
 4.28698
 2.54538
 2.09109
 1.25884
 3.74075
 1.26850
 0.43110
 2.24966
 1.23122
 2.72921
 1.37143
 2.26911
 1.38426
 1.02950
 2.61154
 2.31469
 3.04265
 2.55908
 1.75142
 1.76056
 2.53563
 0.79224
 2.20226
 1.16560
 1.98948
 1.27647
 1.93911
 2.83103
 2.76020
 2.05916
 1.63428
 1.62104
 2.03523
 1.61292
 1.62481
 1.84001
 3.64577
 1.35825
 1.77422
 3.26400
 1.61639
 2.32366
 2.08256
 2.76822
 2.15660
 2.79363
 2.44687
 2.24920
 1.71591
 0.25144
 0.94275
 3.01066
 1.67166
 1.40156
 1.32781
 2.50882
 0.93704
 2.12134
 1.49981
 2.24341
 1.35391
 2.09156
 2.52307
 2.12586
 1.19500
 2.37749
 1.50182
 1.91923
 2.11936
 0.39801
 2.48675
 0.81925
 3.00700
 2.66905
 0.90914
 2.49372
 1.69589
 0.92589
 3.26244
 2.52591
 3.45756
 2.24064
 1.47780
 1.20286
 2.42884
 2.75287
 2.21118
 1.72123
 1.85556
 1.63164
 0.37051
 0.61193
 1.43798
 0.95631
 1.62891
 1.86182
 0.99978
 1.48003
 1.24275
 0.51236
 0.72769
 1.31841
 2.25005
 1.72660
 1.47488
 2.49273
 1.02277
 1.42916
 1.37203
 2.78007
 1.72921
 2.51781
 2.39269
 2.01744
 2.18677
 0.65974
 2.03290
 2.02279
 2.22880
 1.75949
 2.86148
 1.80360
 1.57615
 3.49506
 2.15374
 2.82332
 2.16615
 2.62467
 2.37711
 0.75072
 1.76312
 0.78022
 0.11198
 2.93269
 2.92317
 2.21015
 2.56622
 1.66472
 0.57086
 1.46030
 1.35341
 3.64944
 1.45282
 2.93387
 2.09262
 3.11363
 1.68283
 2.65349
 1.53087
 1.11213
 2.81842
 0.30106
 2.31929
 0.35674
 2.64712
 3.19276
 2.39059
 1.91164
 2.36663
 2.32871
 3.12009
 2.49273
 2.35832
 1.31204
 1.72820
 3.16381
 1.68969
 1.92125
 2.00642
 1.55045
 2.70437
 2.29094
 2.66280
 1.86358
 2.38790
 2.17974
 0.89162
 1.65146
 3.13574
 1.90679
 1.88052
 1.11214
 3.37972
 2.39404
 2.21688
 1.34796
 2.49412
 1.91103
 0.73921
 3.22959
 2.38073
 1.91736
 2.86943
 3.90721
 2.21715
 3.28269
 2.59529
 1.97512
 2.07612
 1.32698
 2.15611
 2.75505
 1.24674
 1.50836
 1.76382
 2.46848
 0.69656
 1.48945
 3.77339
 2.39966
 0.78832
 0.83968
 2.61187
 1.90996
 2.51789
 2.88213
 0.36223
 0.51757
 2.48414
 2.89449
 1.71251
 1.49987
 1.26517
 1.26177
 1.40012
 0.87811
 0.18433
 2.97039
 1.41891
 2.06105
 1.39798
 1.86328
 1.86735
 2.72524
 2.66086
 2.65740
 2.21470
 1.73910
 1.85743
 2.55802
 1.53988
 1.42418
 0.68715
 0.66059
 1.60674
 1.85787
 1.86899
 0.93981
 0.84848
 1.76168
 1.95696
 1.02211
 2.54061
 1.98469
 2.59272
 1.84202
 1.25435
 2.03714
 1.87072
 1.37813
 1.63500
 1.83530
 1.12150
 0.74315
 2.76039
 2.31134
 1.21119
 1.81062
 2.37251
 1.48967
 1.02343
 1.26855
 2.88629
 2.11441
 2.49791
 2.24296
 0.84660
 0.67021
 1.89287
 3.35198
 2.01964
 1.41111
 1.39069
 1.60441
 0.70982
 2.24596
 2.42636
 1.43988
 1.52476
 0.30000
 1.91844
 2.32017
 2.31190
 1.75889
 1.14942
 2.05780
 1.63122
