-0.2577
-0.20035
0.73953
-0.21941
1.07797
4.22499
0.80898
5.3499
-0.73787
3.73775
0.71158
0.59415
-0.9842
-0.56944
5.16721
2.20982
0.01882
-2.34809
-0.8243
1.75274
3.98896
0.58388
1.03005
3.51809
1.42204
1.94237
1.11594
0.08622
0.06501
0.08072
0.1506
1.03476
-0.03676
-0.26138
4.48959
1.7974
-0.33344
1.28628
-3.01555
-0.93868
2.58874
-0.431
-0.53014
-1.7746
2.51451
1.64666
2.19845
-1.84405
3.07259
0.85556
2.07169
-0.36026
1.74753
-0.65415
3.90152
2.57499
3.33242
3.58242
3.66314
-1.49128
2.98916
3.5625
0.42745
2.66299
-0.5904
1.85409
0.25539
0.49877
-0.7329
0.13247
-0.49122
6.44684
2.68629
3.18234
1.92593
-2.2056
5.40738
2.70385
-0.69459
4.11529
-1.27435
2.26226
3.76963
0.23684
4.31616
3.6397
2.72691
1.69154
3.62894
2.4434
3.67017
4.82541
0.48674
0.79397
1.45179
-1.2617
2.30565
4.43481
1.06054
4.43072
2.66045
0.54957
0.44006
3.10488
1.61
0.82696
2.73002
5.28716
3.54858
-0.53691
2.79776
0.07486
-0.40504
3.84755
0.5441
1.21798
2.59889
-0.31526
-1.34781
0.64076
3.41661
0.38669
3.07068
-2.11243
-1.78838
2.85076
1.00404
4.03244
1.51482
-1.2046
3.01516
-0.43776
-0.36085
-0.95664
0.59408
0.21035
1.92942
1.61852
3.19493
0.52626
4.57073
0.03712
2.70769
-1.18991
-0.1317
-1.48961
1.67033
0.77394
-0.5337
-0.88748
2.51876
3.10909
1.8423
4.24471
3.66182
0.52095
1.9286
2.85587
3.79244
-0.24391
0.25559
-0.86208
2.93221
1.155
2.39736
1.71786
1.60303
1.97271
2.77279
5.25569
3.56396
-0.43588
-0.93913
3.66016
1.82091
2.07697
4.1072
-0.16459
1.82733
2.3647
-0.33517
0.09751
4.20046
-0.96621
1.55123
-0.94993
0.34462
2.02294
3.50191
2.7159
3.58625
2.57114
3.32733
3.68485
1.87414
3.47981
0.7569
3.83727
4.94985
2.57809
2.90548
-1.16517
2.95616
1.36244
-0.4402
1.29267
-1.72798
-0.72446
-1.57266
3.7252
-0.41716
-0.70279
-0.86554
4.00099
-2.6982
-1.89851
0.72542
0.63731
-0.50927
2.34084
2.87107
4.10204
-1.73757
2.39271
4.18007
1.39377
3.76986
4.09568
-0.21549
-1.93378
3.94182
3.26106
-0.19295
3.64791
0.04055
-2.87828
0.53286
-1.97074
2.69231
-0.30542
1.99773
-0.38589
-0.30405
3.62532
1.17619
-1.29287
2.82499
3.96598
5.21431
3.77978
0.83928
-2.0241
3.49802
-0.0022
3.97538
5.92461
-0.99248
-0.7504
2.7397
2.34696
4.08054
-0.42063
0.28858
-1.34568
2.71969
0.0665
3.03159
3.81054
3.91417
1.40863
0.22053
0.55608
-1.77914
0.21235
-0.66492
-1.25419
-0.53958
-0.73771
0.99658
-0.22964
4.57834
0.59927
3.25544
0.60353
5.62561
-0.97531
3.14963
3.09421
6.89735
2.15149
1.7751
-0.91337
3.96171
-1.44186
1.67684
-0.62974
5.50461
-0.79184
3.55096
2.38181
-0.40382
-0.58063
-0.33293
-1.50682
2.12169
-0.14888
2.99096
-1.5574
-0.76274
0.38151
3.73091
3.50092
2.80114
-0.11734
-0.51455
2.34868
1.57401
-1.28194
0.45842
3.04001
-1.66948
2.49658
5.85823
3.36368
-0.62996
3.34824
1.38295
1.81429
-1.24606
-0.39497
2.33305
4.02283
0.04834
1.99237
3.84586
0.7416
3.1773
-1.12436
1.04766
2.00152
0.40308
3.31518
-0.33707
1.44496
0.62539
1.67326
0.2886
0.16173
1.45476
4.34779
1.97645
3.04211
1.28517
2.60475
2.08395
-0.5555
-0.39032
-1.68126
0.11237
1.69014
4.33539
2.6113
0.81414
2.12927
2.38968
1.5413
4.69253
2.42444
2.78857
0.29555
3.49514
4.25541
-0.11057
4.26056
3.65932
3.01558
0.00964
1.39401
2.14556
0.5144
2.83669
0.42524
-0.19974
1.49855
2.2061
1.6922
2.16404
1.26634
0.62376
-0.00176
1.54169
4.25006
0.06628
1.47552
3.72127
4.18003
0.35416
-0.72791
3.02023
2.9811
0.39078
0.54601
2.71264
2.7779
2.08259
1.16814
3.72453
4.99123
-0.096
3.26496
2.21
2.03706
0.72239
2.15087
3.42359
3.66031
-0.01055
-0.1632
0.67128
1.67855
-0.72484
0.3533
2.74148
2.48681
-0.92429
2.61927
2.28635
0.81384
4.49454
-1.0147
0.54451
1.98093
3.4265
1.3132
-1.99476
4.74346
2.6806
1.47732
0.57653
3.84488
-1.53364
0.44729
2.18214
2.22116
-1.14599
1.59792
-0.94525
2.04172
2.2611
1.67701
1.92737
-1.23038
1.79554
2.06534
-0.56051
1.10186
3.38282
1.21899
4.3035
-1.37627
2.4561
2.91981
2.29011
-0.53255
-1.1313
0.85453
1.93639
1.17127
-1.41264
3.52507
0.63027
2.1511
1.62383
3.69676
2.94133
-0.13122
2.26716
1.05383
1.25215
-1.07186
1.87238
4.58526
2.62629
-0.895
-0.87886
-0.97409
1.50279
2.59649
-0.74098
-1.07407
2.9964
0.86784
2.45926
-0.69792
2.1311
4.78884
2.99012
4.38644
0.83328
0.5452
-0.29231
1.93221
3.64441
1.07068
1.80175
2.84272
1.58241
2.5206
1.63421
2.58985
1.2748
1.36994
2.33506
4.43763
-0.97501
3.92806
-0.85294
4.50669
-0.06165
3.3443
1.43279
0.25755
-0.02812
3.89754
2.7139
1.65272
1.4354
-1.25407
2.38368
2.92462
1.96636
0.67612
3.10639
2.14167
-0.22365
0.14031
3.57012
-0.36133
0.93745
-0.73241
2.94654
3.70556
-1.0418
2.20434
-0.20576
1.31064
5.1401
2.29955
0.05966
0.47514
1.95471
-0.21815
1.67283
-0.56416
-0.29997
-0.72644
3.18045
0.71257
0.01924
2.88786
4.30339
1.8405
0.61965
1.80558
3.35224
3.49341
2.11867
2.29483
0.75273
2.55969
1.57877
3.38865
0.30668
-2.03724
-0.52054
4.41759
0.83608
2.3474
-0.80175
-0.72944
1.18058
-0.0314
4.93415
1.71266
2.3448
2.15376
0.80654
0.9812
0.70285
3.67672
-0.59304
0.75119
2.16918
-0.49778
3.32951
1.53677
1.58616
-0.00892
3.45854
-1.21602
-0.14495
5.22322
-0.94116
2.95271
1.88735
-1.4472
6.23826
0.72217
1.38049
2.45876
0.20653
0.22561
3.61621
-0.45696
1.87468
2.56217
-1.38566
2.60997
3.3508
-0.34751
0.67173
-2.08929
-0.79446
0.08847
3.19648
1.46843
-1.09831
0.80789
3.31039
4.03494
-0.6021
2.2771
3.00908
2.63052
-0.27093
2.10482
2.75551
3.13805
-0.34872
0.91454
5.18713
2.97079
2.9562
3.54467
1.7772
-3.14729
3.74032
-1.44915
-1.46355
-0.25674
-0.2347
-1.47397
1.65452
-1.22124
2.19786
1.41396
0.0139
-1.22076
5.04385
2.84155
2.938
-1.42032
2.30776
-2.2405
1.37238
2.23637
0.27777
0.03859
1.42938
-0.56923
-1.84834
3.09385
-0.61417
-0.248
1.45736
0.87208
0.66464
1.30971
1.03894
5.05286
2.36206
2.35526
-0.93832
-1.78923
-0.50547
-2.06976
2.63521
3.13421
-1.65248
2.93624
-2.61297
1.95179
-0.20527
1.9935
-0.44005
-1.64665
-0.5892
0.78226
-0.54418
-0.91769
2.46999
1.74124
0.80965
-0.10718
-0.92197
4.95092
-1.63103
-2.59751
-0.7495
2.84371
5.07651
2.56697
-0.49388
2.2861
0.79308
1.18509
-2.34188
-0.55515
0.14085
1.42413
1.55743
0.1534
-0.77549
2.00254
2.98844
0.27552
1.10018
1.11785
-0.96575
2.64863
3.15872
-1.35245
-1.87228
3.65098
0.83998
5.05201
0.10162
1.64196
-2.06049
2.41636
2.90006
1.043
4.80239
-0.02991
0.05476
-1.21616
4.41219
2.55079
3.01553
3.14281
0.5348
0.2398
1.13345
1.58798
0.36643
4.63542
-0.24791
-2.07319
2.29308
1.42901
3.84194
2.55011
3.90527
2.19929
-0.06085
2.99287
0.25828
0.80785
2.33437
0.03201
1.24964
0.48807
1.53047
3.40403
1.21252
3.33722
2.19031
2.37106
2.85392
2.51594
-1.91492
3.07236
3.89573
2.72164
1.50895
1.8063
0.08299
1.29418
-2.29129
2.39544
1.33815
-1.97913
0.26077
2.63105
1.58146
0.30108
-0.96175
1.78178
0.92164
-0.58369
-0.53381
2.26281
3.01325
3.42548
-2.25463
4.64469
-0.55564
-1.59049
2.41971
2.84383
2.93351
4.17849
3.5364
-1.91732
-0.45223
3.18651
-0.51307
1.46788
2.29009
2.63331
-1.42104
-1.0306
-1.09976
-0.04829
1.12727
-0.1548
0.22854
1.29478
-0.08921
-0.52548
1.74293
-0.14672
1.75292
-2.01804
4.18613
-0.15459
2.44885
2.0584
-2.03753
2.5981
3.56476
-0.98138
1.47231
6.9336
-0.64755
0.62869
2.82897
-0.67404
-1.68903
2.64308
1.51837
0.33913
1.76628
-0.10871
0.48691
2.47272
0.51931
3.124
-1.07455
-0.65134
1.85398
1.33639
0.6001
-0.77732
3.3653
-1.30837
2.92676
3.45691
4.38964
4.30666
2.00993
0.09644
0.16737
-0.52699
1.81313
3.034
0.70845
-1.65154
2.29802
5.52947
2.1601
-0.96257
0.59845
1.08402
4.54265
2.06059
-2.74069
-0.34325
1.75036
-0.07226
1.70752
2.81916
5.79228
-0.80609
4.74828
2.80011
2.06222
-1.78326
-0.21019
2.11926
4.12544
0.75125
-0.15773
1.75946
0.52611
4.10033
-2.20864
-1.10431
4.04888
0.60561
0.37716
4.0382
1.3433
0.58866
0.33945
-1.24099
0.0467
-0.42601
3.474
1.94733
-1.27137
-2.32589
-0.37061
-0.5247
0.30407
3.41405
2.89564
3.90269
-1.55735
0.14459
4.69502
3.76055
-0.79803
5.48942
-1.69481
-0.37007
1.21794
1.47078
2.67209
0.62084
0.52691
-1.14069
3.44256
0.3226
0.78164
1.46967
0.83734
-1.64004
2.46067
2.94592
2.02635
-1.54775
-0.66409
1.4965
-0.81144
2.66203
-1.07798
2.96745
-0.32327
2.53839
4.19318
0.26436
2.7596
3.39316
3.35017
3.33235
1.06436
-1.11604
3.14809
3.22265
3.37666
0.66378
0.23863
-0.09312
2.77289
4.50308
4.5782
2.10626
1.16825
-2.36619
4.7947
3.15491
-0.67688
-2.36234
-0.85083
0.36792
1.29823
3.37989
-2.61755
4.8889
4.39344
0.53475
3.90444
1.43019
1.97181
0.38565
2.05787
4.06143
1.34036
-2.03479